{
  "advancedEditorSelectedIdentifier" : "ProjectBrowser",
  "openSceneRelativePaths" : [

  ],
  "recentIdentifiers" : {

  },
  "sceneCameraHistory" : {
    "1481AA85-4B67-479C-AF0E-E211D5FDC58D" : [
      {
        "date" : 747691015.244776,
        "title" : "Untitled",
        "transform" : [
          0.9837937,
          -2.3676257e-09,
          -0.17930453,
          0,
          -0.07790789,
          0.90067154,
          -0.4274589,
          0,
          0.16149451,
          0.43450055,
          0.88607496,
          0,
          39.68414,
          102.548775,
          189.52805,
          1
        ]
      },
      {
        "date" : 747691002.933259,
        "title" : "Untitled",
        "transform" : [
          0.38004312,
          -2.1253e-09,
          0.9249688,
          0,
          0.36653975,
          0.9181329,
          -0.15060064,
          0,
          -0.8492443,
          0.39627254,
          0.34893012,
          0,
          -180.95338,
          94.32473,
          79.81659,
          1
        ]
      },
      {
        "date" : 747690991.250936,
        "title" : "Untitled",
        "transform" : [
          0.9991332,
          -1.2936635e-10,
          -0.04162721,
          0,
          -0.027056662,
          0.75995517,
          -0.64941204,
          0,
          0.03163482,
          0.6499755,
          0.75929654,
          0,
          8.34126,
          118.339325,
          147.50156,
          1
        ]
      },
      {
        "date" : 747690989.229905,
        "title" : "Untitled",
        "transform" : [
          0.9991332,
          -1.2936635e-10,
          -0.04162721,
          0,
          -0.027056662,
          0.75995517,
          -0.64941204,
          0,
          0.03163482,
          0.6499755,
          0.75929654,
          0,
          8.987401,
          120.54486,
          145.58664,
          1
        ]
      },
      {
        "date" : 747690979.513491,
        "title" : "Untitled",
        "transform" : [
          0.9991332,
          -1.2936635e-10,
          -0.04162721,
          0,
          -0.027056666,
          0.7599553,
          -0.6494121,
          0,
          0.03163482,
          0.6499755,
          0.75929654,
          0,
          5.9238043,
          75.48678,
          118.40604,
          1
        ]
      },
      {
        "date" : 747690974.684123,
        "title" : "Untitled",
        "transform" : [
          1,
          0,
          0,
          0,
          0,
          0.7071069,
          -0.70710677,
          0,
          0,
          0.70710677,
          0.7071069,
          0,
          0.991457,
          84.47437,
          112.32216,
          1
        ]
      },
      {
        "date" : 747690970.666699,
        "title" : "Untitled",
        "transform" : [
          1,
          0,
          0,
          0,
          0,
          0.7071069,
          -0.70710677,
          0,
          0,
          0.70710677,
          0.7071069,
          0,
          1.001457,
          85.39715,
          111.39938,
          1
        ]
      },
      {
        "date" : 747690924.613796,
        "title" : "Untitled",
        "transform" : [
          0.9846835,
          -6.796853e-09,
          -0.1743505,
          0,
          0.031102482,
          0.9839596,
          0.1756582,
          0,
          0.17155388,
          -0.17839046,
          0.96888894,
          0,
          0.087990716,
          0.06992483,
          0.35182744,
          1
        ]
      },
      {
        "date" : 747690923.047693,
        "title" : "Untitled",
        "transform" : [
          0.669127,
          -2.0381353e-08,
          -0.74314797,
          0,
          0.093054496,
          0.9921293,
          0.08378582,
          0,
          0.73729897,
          -0.12521666,
          0.66386056,
          0,
          0.268109,
          0.08684422,
          0.25495788,
          1
        ]
      },
      {
        "date" : 747690917.897651,
        "title" : "Untitled",
        "transform" : [
          0.99999994,
          0,
          0,
          0,
          0,
          0.8660254,
          -0.49999988,
          0,
          0,
          0.49999988,
          0.8660254,
          0,
          0.03288839,
          0.26673967,
          0.26129964,
          1
        ]
      }
    ]
  }
}