{
  "advancedEditorSelectedIdentifier" : "StatisticsPluginID",
  "openSceneRelativePaths" : [
    "Immersive.usda",
    "Scene.usda"
  ],
  "recentIdentifiers" : {
    "1D572CEB-057A-41C3-B575-04C37501A3C0" : [

    ]
  },
  "sceneCameraHistory" : {
    "1D572CEB-057A-41C3-B575-04C37501A3C0" : [
      {
        "date" : 747156621.250367,
        "title" : "Untitled",
        "transform" : [
          0.92150813,
          -4.7095375e-05,
          0.3883592,
          0,
          0.32637906,
          0.5420524,
          -0.7743745,
          0,
          -0.21047455,
          0.84034467,
          0.49952105,
          0,
          -0.99330205,
          4.149292,
          1.931748,
          1
        ]
      },
      {
        "date" : 747115326.650563,
        "title" : "Untitled",
        "transform" : [
          0.9991623,
          -6.678279e-08,
          -0.04092177,
          0,
          0.0014799502,
          0.99934584,
          0.03613258,
          0,
          0.040894974,
          -0.03616286,
          0.99850875,
          0,
          -0.00054855517,
          0.24899322,
          4.67685,
          1
        ]
      },
      {
        "date" : 747114645.445259,
        "title" : "Untitled",
        "transform" : [
          0.99265176,
          -6.824677e-08,
          -0.12100591,
          0,
          -0.09890154,
          0.5761716,
          -0.8113228,
          0,
          0.069720194,
          0.81732875,
          0.57193774,
          0,
          0.21988988,
          5.340871,
          2.7281537,
          1
        ]
      },
      {
        "date" : 747114640.927506,
        "title" : "Untitled",
        "transform" : [
          0.92025125,
          -6.8543336e-08,
          -0.391328,
          0,
          -0.3114717,
          0.6053817,
          -0.73246044,
          0,
          0.23690282,
          0.7959353,
          0.5571032,
          0,
          1.1278493,
          3.6981282,
          1.2436736,
          1
        ]
      },
      {
        "date" : 747114476.011562,
        "title" : "Untitled",
        "transform" : [
          0.92025125,
          -6.8543336e-08,
          -0.391328,
          0,
          -0.3114717,
          0.6053817,
          -0.73246044,
          0,
          0.23690282,
          0.7959353,
          0.5571032,
          0,
          1.1067398,
          3.4094625,
          1.1110603,
          1
        ]
      },
      {
        "date" : 747114473.162167,
        "title" : "Untitled",
        "transform" : [
          0.92025125,
          -6.8543336e-08,
          -0.391328,
          0,
          -0.3114717,
          0.6053817,
          -0.73246044,
          0,
          0.23690282,
          0.7959353,
          0.5571032,
          0,
          1.1938889,
          3.360537,
          1.1439012,
          1
        ]
      },
      {
        "date" : 747114471.731859,
        "title" : "Untitled",
        "transform" : [
          0.92025125,
          -6.8543336e-08,
          -0.391328,
          0,
          -0.3114717,
          0.6053817,
          -0.73246044,
          0,
          0.23690282,
          0.7959353,
          0.5571032,
          0,
          1.2719812,
          3.4135418,
          1.0349654,
          1
        ]
      },
      {
        "date" : 747114467.644794,
        "title" : "Untitled",
        "transform" : [
          0.92025125,
          -6.8543336e-08,
          -0.391328,
          0,
          -0.3114717,
          0.6053817,
          -0.73246044,
          0,
          0.23690282,
          0.7959353,
          0.5571032,
          0,
          1.2716947,
          3.45024,
          0.9826573,
          1
        ]
      },
      {
        "date" : 747114453.711501,
        "title" : "Untitled",
        "transform" : [
          0.92025125,
          -6.8543336e-08,
          -0.391328,
          0,
          -0.3114717,
          0.6053817,
          -0.73246044,
          0,
          0.23690282,
          0.7959353,
          0.5571032,
          0,
          1.3138379,
          3.3442357,
          1.1161863,
          1
        ]
      },
      {
        "date" : 747114417.042651,
        "title" : "Untitled",
        "transform" : [
          0.508492,
          -6.827864e-08,
          -0.8610667,
          0,
          -0.5957365,
          0.72203285,
          -0.3518047,
          0,
          0.6217184,
          0.69185877,
          0.36714792,
          0,
          2.194022,
          3.177116,
          1.2360342,
          1
        ]
      }
    ],
    "D66134B1-3681-4A8E-AFE5-29F257229F3B" : [
      {
        "date" : 747115015.037296,
        "title" : "Untitled",
        "transform" : [
          0.99999994,
          0,
          -0,
          0,
          -0,
          0.8660254,
          -0.49999988,
          0,
          0,
          0.49999988,
          0.8660254,
          0,
          0,
          0.3596621,
          0.6229531,
          1
        ]
      }
    ]
  },
  "selectedSceneRelativePath" : "Immersive.usda"
}